id	Col
1	40,65
2	17,1
3	34,45
4	31,51
5	29,43
6	25,9
7	14,27
8	5,29
9	41,59
10	46,59
11	57,43
12	15,33
13	67,59
14	56,67
15	54,47
16	53,50
17	21,23
18	41,65
19	31,13
20	65,47
21	48,59
22	68,45
23	62,67
24	20,7
25	28,9
26	61,67
27	53,69
28	29,27
29	27,6
30	42,37
31	29,9
32	10,7
33	25,57
34	59,48
35	27,11
36	36,61
37	39,51
38	43,67
39	31,53
40	19,0
41	31,15
42	29,24
43	13,23
44	55,39
45	49,69
46	20,27
47	24,5
48	53,67
49	54,55
50	1,7
51	67,55
52	23,17
53	35,64
54	20,17
55	20,61
56	13,1
57	59,58
58	17,65
59	27,0
60	53,58
61	11,23
62	55,47
63	70,63
64	65,59
65	8,15
66	32,39
67	35,60
68	67,51
69	0,27
70	22,23
71	6,25
72	13,9
73	26,57
74	23,23
75	41,54
76	25,61
77	13,24
78	21,19
79	67,61
80	66,65
81	57,45
82	33,52
83	23,58
84	65,68
85	37,47
86	21,9
87	42,53
88	6,7
89	11,7
90	13,18
91	7,13
92	33,39
93	30,27
94	19,2
95	29,25
96	57,69
97	55,63
98	7,8
99	49,54
100	21,66
101	27,26
102	57,51
103	15,9
104	36,49
105	53,40
106	11,9
107	69,69
108	10,31
109	66,53
110	33,53
111	27,17
112	21,7
113	17,13
114	63,67
115	16,7
116	10,9
117	55,50
118	25,10
119	56,61
120	18,21
121	58,51
122	60,53
123	10,21
124	20,31
125	23,13
126	31,5
127	37,51
128	66,45
129	1,20
130	63,61
131	5,6
132	17,19
133	52,63
134	19,18
135	57,46
136	21,13
137	27,58
138	40,59
139	32,43
140	12,5
141	15,15
142	29,16
143	68,69
144	53,51
145	24,29
146	23,64
147	23,19
148	19,3
149	61,37
150	17,21
151	15,7
152	39,63
153	46,63
154	48,41
155	39,54
156	37,39
157	27,24
158	60,65
159	39,38
160	39,47
161	25,3
162	35,58
163	20,5
164	49,55
165	32,53
166	31,24
167	60,67
168	2,13
169	27,12
170	51,58
171	33,63
172	57,44
173	61,60
174	3,30
175	1,2
176	11,21
177	14,9
178	11,1
179	33,58
180	57,68
181	21,11
182	1,5
183	67,48
184	63,62
185	19,10
186	57,56
187	12,17
188	69,66
189	21,64
190	23,12
191	22,9
192	33,67
193	15,18
194	29,42
195	1,9
196	49,61
197	57,47
198	11,20
199	18,9
200	67,47
201	31,40
202	14,25
203	2,19
204	25,21
205	68,61
206	35,51
207	27,65
208	43,59
209	55,36
210	10,17
211	29,22
212	23,2
213	50,43
214	61,33
215	27,31
216	16,29
217	10,15
218	59,37
219	16,57
220	29,12
221	16,15
222	53,65
223	17,24
224	23,6
225	19,15
226	16,11
227	44,69
228	37,43
229	33,10
230	44,51
231	57,35
232	58,55
233	43,45
234	47,69
235	35,61
236	63,59
237	7,24
238	29,63
239	44,53
240	2,1
241	43,50
242	51,30
243	34,55
244	9,11
245	18,23
246	9,3
247	39,49
248	27,61
249	51,63
250	60,41
251	3,8
252	54,61
253	45,57
254	49,50
255	35,47
256	38,57
257	60,55
258	37,38
259	36,57
260	25,23
261	38,67
262	17,3
263	69,47
264	61,41
265	15,13
266	22,1
267	39,31
268	55,70
269	19,17
270	27,23
271	17,8
272	9,13
273	32,57
274	41,43
275	42,1
276	8,31
277	41,46
278	37,9
279	19,7
280	2,23
281	11,17
282	41,45
283	41,58
284	5,1
285	25,13
286	18,63
287	35,37
288	19,24
289	33,65
290	5,9
291	31,61
292	13,20
293	32,21
294	66,49
295	28,29
296	18,29
297	3,17
298	15,0
299	31,47
300	17,7
301	38,61
302	31,1
303	27,29
304	59,47
305	45,54
306	17,26
307	39,48
308	56,49
309	63,49
310	21,29
311	27,57
312	5,21
313	12,33
314	57,65
315	29,61
316	9,9
317	57,66
318	24,25
319	52,55
320	59,55
321	55,60
322	25,2
323	1,1
324	17,57
325	11,5
326	51,45
327	65,45
328	25,5
329	17,23
330	47,57
331	41,62
332	47,53
333	1,8
334	16,21
335	59,61
336	45,59
337	58,43
338	49,37
339	59,40
340	63,57
341	35,65
342	5,18
343	5,19
344	9,20
345	57,34
346	63,70
347	23,57
348	58,47
349	7,19
350	22,27
351	67,70
352	51,46
353	4,17
354	58,37
355	67,63
356	14,5
357	53,57
358	9,7
359	69,58
360	15,25
361	14,3
362	63,58
363	67,53
364	38,65
365	37,49
366	55,61
367	59,67
368	3,29
369	57,49
370	55,67
371	25,60
372	33,41
373	14,63
374	55,43
375	65,63
376	27,4
377	29,47
378	10,11
379	41,48
380	30,11
381	11,24
382	25,26
383	61,55
384	61,52
385	27,5
386	59,51
387	41,44
388	53,53
389	37,35
390	65,52
391	39,62
392	51,68
393	45,56
394	12,3
395	40,63
396	13,19
397	57,42
398	12,1
399	8,23
400	33,50
401	19,6
402	51,69
403	18,5
404	8,27
405	20,13
406	11,65
407	13,11
408	36,39
409	2,27
410	60,69
411	17,11
412	53,55
413	69,49
414	55,52
415	27,14
416	13,27
417	1,11
418	32,3
419	59,62
420	49,56
421	10,13
422	9,5
423	65,57
424	3,11
425	9,4
426	29,40
427	23,9
428	19,57
429	63,38
430	65,60
431	9,1
432	5,25
433	23,4
434	19,1
435	59,53
436	15,14
437	39,50
438	69,67
439	33,62
440	23,11
441	7,22
442	53,61
443	15,1
444	18,3
445	5,17
446	9,27
447	37,63
448	24,33
449	40,43
450	39,67
451	57,59
452	20,9
453	12,11
454	18,13
455	68,55
456	33,57
457	51,41
458	68,51
459	1,13
460	45,49
461	7,25
462	23,7
463	2,11
464	61,39
465	65,69
466	32,15
467	31,57
468	53,49
469	34,65
470	3,7
471	21,5
472	3,1
473	15,16
474	9,25
475	41,33
476	59,65
477	21,1
478	17,5
479	67,67
480	59,45
481	44,59
482	14,13
483	52,65
484	25,8
485	61,63
486	1,15
487	51,59
488	57,67
489	15,28
490	39,39
491	13,15
492	67,64
493	69,63
494	45,55
495	55,64
496	65,43
497	5,7
498	59,41
499	31,44
500	3,25
501	69,56
502	11,3
503	23,35
504	47,63
505	55,65
506	21,30
507	3,27
508	53,41
509	12,27
510	29,36
511	7,23
512	7,4
513	65,53
514	8,9
515	19,11
516	32,47
517	43,53
518	60,63
519	35,49
520	24,11
521	41,56
522	42,41
523	27,55
524	24,15
525	46,53
526	33,47
527	57,40
528	37,40
529	30,63
530	26,3
531	63,51
532	37,48
533	61,69
534	62,49
535	67,49
536	23,3
537	69,53
538	32,61
539	25,55
540	11,22
541	51,67
542	25,25
543	22,25
544	35,43
545	7,9
546	60,49
547	3,3
548	55,53
549	30,57
550	37,61
551	5,14
552	33,42
553	69,50
554	3,5
555	33,49
556	33,43
557	7,27
558	7,11
559	65,50
560	67,57
561	58,65
562	7,26
563	63,65
564	31,11
565	53,42
566	67,69
567	53,37
568	1,3
569	67,60
570	67,68
571	6,3
572	13,10
573	61,68
574	15,8
575	29,41
576	2,5
577	29,14
578	21,14
579	16,5
580	35,44
581	47,66
582	17,29
583	35,41
584	43,47
585	59,43
586	4,27
587	49,38
588	27,7
589	19,9
590	23,29
591	49,60
592	19,20
593	15,5
594	1,31
595	60,45
596	57,53
597	22,31
598	5,12
599	5,5
600	4,25
601	5,20
602	68,47
603	38,51
604	43,61
605	36,63
606	69,59
607	27,49
608	21,12
609	12,7
610	37,41
611	19,5
612	7,16
613	8,13
614	50,69
615	3,19
616	9,21
617	4,21
618	61,47
619	65,58
620	59,63
621	59,69
622	39,41
623	22,15
624	15,19
625	57,32
626	5,11
627	17,12
628	6,1
629	65,48
630	16,1
631	66,57
632	7,7
633	37,37
634	64,43
635	63,69
636	7,5
637	27,9
638	61,57
639	40,41
640	27,54
641	14,19
642	21,27
643	19,13
644	1,10
645	64,47
646	13,6
647	65,66
648	27,10
649	25,32
650	9,31
651	24,9
652	15,27
653	55,51
654	25,54
655	2,3
656	41,49
657	43,58
658	1,17
659	31,8
660	32,51
661	35,57
662	18,33
663	68,65
664	33,59
665	7,15
666	47,70
667	64,61
668	46,43
669	54,65
670	50,33
671	5,0
672	55,37
673	5,23
674	61,49
675	25,19
676	54,57
677	61,46
678	63,43
679	4,7
680	10,25
681	26,13
682	57,62
683	16,25
684	53,52
685	65,54
686	1,27
687	27,59
688	41,61
689	3,16
690	62,55
691	5,13
692	54,69
693	1,23
694	51,60
695	25,35
696	43,56
697	23,21
698	0,15
699	23,15
700	23,27
701	56,47
702	25,11
703	11,13
704	29,57
705	51,66
706	43,60
707	64,67
708	33,2
709	52,61
710	22,21
711	8,11
712	53,59
713	27,46
714	1,21
715	15,22
716	37,55
717	22,7
718	4,11
719	57,61
720	69,65
721	1,25
722	41,53
723	40,47
724	13,5
725	35,52
726	34,61
727	32,59
728	21,16
729	7,3
730	31,46
731	31,39
732	27,44
733	61,36
734	3,13
735	26,15
736	51,57
737	24,17
738	66,43
739	54,67
740	51,65
741	31,64
742	17,9
743	1,24
744	65,49
745	11,11
746	29,15
747	8,5
748	35,63
749	13,21
750	61,59
751	11,2
752	57,58
753	50,63
754	54,63
755	23,1
756	15,23
757	15,21
758	49,59
759	34,41
760	28,5
761	25,59
762	41,41
763	21,25
764	65,55
765	65,64
766	17,61
767	3,15
768	35,3
769	69,52
770	11,25
771	8,19
772	59,57
773	53,54
774	37,45
775	42,65
776	56,57
777	19,21
778	56,41
779	56,53
780	41,67
781	63,56
782	4,23
783	17,18
784	45,61
785	19,29
786	51,56
787	62,63
788	29,23
789	69,51
790	37,64
791	3,9
792	23,28
793	14,11
794	40,53
795	47,39
796	46,51
797	6,17
798	5,10
799	33,66
800	64,55
801	19,31
802	26,29
803	43,62
804	63,47
805	65,65
806	35,46
807	21,17
808	38,43
809	15,11
810	37,46
811	54,45
812	28,67
813	20,21
814	62,45
815	13,25
816	35,45
817	33,55
818	50,35
819	27,15
820	10,27
821	39,57
822	29,60
823	12,13
824	39,61
825	25,7
826	3,6
827	49,62
828	18,15
829	32,65
830	9,23
831	43,55
832	28,21
833	3,22
834	31,7
835	19,23
836	5,3
837	43,63
838	45,63
839	41,16
840	29,28
841	59,31
842	60,57
843	41,63
844	36,51
845	33,61
846	25,31
847	57,63
848	59,50
849	41,51
850	59,59
851	17,25
852	31,54
853	27,2
854	25,30
855	24,35
856	59,38
857	31,55
858	38,55
859	13,65
860	17,20
861	13,13
862	41,55
863	27,13
864	23,33
865	59,60
866	21,24
867	28,25
868	69,60
869	37,59
870	25,49
871	31,41
872	45,53
873	62,39
874	48,53
875	48,67
876	23,59
877	31,56
878	29,62
879	19,19
880	43,57
881	64,41
882	49,53
883	49,67
884	55,45
885	48,51
886	58,53
887	33,48
888	25,22
889	65,51
890	7,14
891	43,49
892	35,39
893	17,17
894	39,43
895	34,39
896	55,55
897	13,3
898	31,49
899	27,8
900	34,67
901	59,39
902	27,64
903	50,57
904	3,14
905	51,53
906	29,21
907	55,57
908	31,59
909	16,3
910	7,21
911	5,27
912	31,22
913	63,64
914	69,54
915	9,34
916	3,21
917	67,56
918	41,57
919	56,27
920	41,47
921	67,62
922	59,49
923	62,47
924	36,43
925	51,61
926	67,65
927	10,33
928	49,64
929	11,27
930	12,15
931	43,64
932	7,1
933	62,51
934	39,59
935	1,16
936	55,44
937	34,49
938	6,19
939	6,11
940	8,1
941	53,34
942	27,60
943	15,17
944	47,56
945	31,63
946	41,60
947	13,22
948	0,5
949	47,58
950	20,29
951	53,48
952	47,65
953	39,65
954	31,45
955	49,57
956	17,27
957	43,65
958	10,3
959	52,69
960	52,43
961	25,63
962	27,1
963	35,56
964	25,15
965	23,31
966	55,59
967	31,9
968	55,49
969	47,55
970	37,65
971	4,3
972	30,59
973	61,65
974	39,45
975	35,53
976	9,29
977	70,47
978	57,57
979	26,27
980	51,48
981	51,49
982	11,29
983	2,31
984	26,51
985	21,21
986	65,67
987	31,3
988	23,65
989	19,25
990	31,23
991	62,59
992	25,29
993	38,41
994	35,59
995	47,42
996	38,45
997	3,26
998	35,67
999	17,15
1000	59,30
1001	1,19
1002	13,7
1003	25,27
1004	53,63
1005	33,45
1006	11,8
1007	50,51
1008	5,15
1009	61,61
1010	38,59
1011	55,69
1012	57,54
1013	35,54
1014	27,27
1015	3,23
1016	7,29
1017	57,64
1018	28,17
1019	69,57
1020	11,35
1021	58,69
1022	1,18
1023	15,3
1024	69,61
1025	55,41
1026	63,11
1027	55,5
1028	53,6
1029	6,47
1030	63,25
1031	9,70
1032	15,32
1033	42,29
1034	41,2
1035	43,6
1036	3,67
1037	40,19
1038	67,43
1039	49,18
1040	62,31
1041	49,65
1042	21,51
1043	30,7
1044	45,15
1045	9,63
1046	19,53
1047	61,42
1048	38,13
1049	33,13
1050	27,33
1051	42,13
1052	67,21
1053	37,29
1054	45,21
1055	36,15
1056	1,47
1057	29,29
1058	67,35
1059	57,23
1060	15,62
1061	19,50
1062	4,67
1063	36,11
1064	25,42
1065	68,41
1066	33,1
1067	49,44
1068	15,67
1069	51,21
1070	68,19
1071	13,35
1072	24,21
1073	43,11
1074	2,61
1075	69,38
1076	10,39
1077	58,11
1078	9,57
1079	61,31
1080	57,17
1081	31,65
1082	18,61
1083	67,37
1084	16,45
1085	69,29
1086	67,25
1087	22,51
1088	45,31
1089	63,5
1090	27,67
1091	17,37
1092	24,39
1093	54,5
1094	3,52
1095	33,29
1096	1,33
1097	17,66
1098	7,51
1099	13,61
1100	55,27
1101	61,21
1102	5,50
1103	65,1
1104	31,31
1105	53,45
1106	1,48
1107	31,10
1108	60,11
1109	38,31
1110	7,66
1111	39,37
1112	3,57
1113	68,21
1114	13,42
1115	38,5
1116	66,41
1117	65,25
1118	44,13
1119	69,4
1120	55,23
1121	17,70
1122	2,65
1123	63,39
1124	11,36
1125	13,17
1126	51,2
1127	49,41
1128	44,33
1129	7,50
1130	8,37
1131	11,54
1132	1,64
1133	30,19
1134	11,67
1135	19,56
1136	47,25
1137	15,29
1138	41,14
1139	17,39
1140	15,51
1141	39,32
1142	48,11
1143	60,37
1144	59,19
1145	49,17
1146	35,6
1147	63,63
1148	63,34
1149	9,41
1150	55,7
1151	19,65
1152	45,7
1153	63,12
1154	17,41
1155	29,49
1156	65,61
1157	33,23
1158	63,52
1159	3,59
1160	45,68
1161	39,5
1162	37,36
1163	5,45
1164	48,7
1165	3,39
1166	29,33
1167	31,67
1168	39,27
1169	46,23
1170	69,23
1171	29,69
1172	69,43
1173	33,12
1174	37,5
1175	11,56
1176	7,41
1177	5,70
1178	19,47
1179	45,37
1180	14,39
1181	45,13
1182	57,37
1183	6,39
1184	66,31
1185	41,30
1186	58,5
1187	47,15
1188	43,25
1189	47,36
1190	37,7
1191	27,37
1192	65,41
1193	45,45
1194	31,4
1195	33,24
1196	47,1
1197	49,11
1198	63,20
1199	3,51
1200	35,19
1201	37,2
1202	62,27
1203	35,34
1204	1,51
1205	35,4
1206	45,25
1207	29,45
1208	15,63
1209	55,1
1210	25,17
1211	68,23
1212	69,39
1213	42,17
1214	49,45
1215	39,34
1216	41,12
1217	9,69
1218	25,38
1219	1,65
1220	49,25
1221	36,69
1222	52,11
1223	32,17
1224	69,3
1225	69,35
1226	15,38
1227	7,52
1228	51,37
1229	33,37
1230	59,17
1231	39,10
1232	31,0
1233	13,52
1234	43,23
1235	15,65
1236	49,3
1237	10,53
1238	61,4
1239	17,49
1240	24,69
1241	15,69
1242	7,62
1243	51,29
1244	24,47
1245	15,57
1246	0,67
1247	22,35
1248	69,33
1249	41,11
1250	63,18
1251	19,69
1252	23,45
1253	13,54
1254	38,9
1255	63,1
1256	63,9
1257	47,67
1258	47,7
1259	46,3
1260	27,63
1261	3,47
1262	67,39
1263	43,69
1264	65,24
1265	67,15
1266	39,25
1267	65,3
1268	38,25
1269	39,69
1270	60,15
1271	29,34
1272	23,25
1273	38,17
1274	51,39
1275	7,49
1276	28,51
1277	53,35
1278	19,33
1279	56,11
1280	3,45
1281	63,45
1282	68,39
1283	66,1
1284	41,70
1285	67,23
1286	5,64
1287	29,2
1288	63,4
1289	65,17
1290	21,40
1291	27,43
1292	59,5
1293	1,63
1294	61,19
1295	45,17
1296	69,26
1297	10,51
1298	41,32
1299	31,14
1300	20,67
1301	65,32
1302	17,59
1303	28,45
1304	31,25
1305	29,39
1306	45,1
1307	19,68
1308	45,39
1309	21,15
1310	5,44
1311	36,67
1312	12,49
1313	3,68
1314	1,52
1315	63,23
1316	45,20
1317	23,43
1318	1,69
1319	21,3
1320	69,5
1321	41,4
1322	49,35
1323	3,35
1324	0,41
1325	11,53
1326	42,9
1327	51,31
1328	57,19
1329	19,51
1330	33,69
1331	43,68
1332	49,23
1333	5,68
1334	45,35
1335	42,31
1336	9,47
1337	39,19
1338	57,27
1339	47,43
1340	48,15
1341	63,22
1342	49,63
1343	15,41
1344	41,28
1345	69,30
1346	2,43
1347	21,2
1348	14,55
1349	5,63
1350	36,9
1351	61,1
1352	19,52
1353	11,46
1354	57,29
1355	47,32
1356	5,37
1357	25,45
1358	47,47
1359	44,31
1360	63,3
1361	23,68
1362	45,43
1363	64,9
1364	5,58
1365	49,19
1366	47,51
1367	6,57
1368	33,15
1369	40,3
1370	65,19
1371	25,52
1372	46,31
1373	47,6
1374	2,35
1375	65,13
1376	41,15
1377	47,37
1378	9,33
1379	25,51
1380	55,29
1381	17,45
1382	47,5
1383	43,17
1384	6,33
1385	2,41
1386	35,5
1387	37,52
1388	47,27
1389	7,68
1390	51,13
1391	23,55
1392	45,28
1393	33,38
1394	44,41
1395	67,1
1396	3,43
1397	3,61
1398	54,1
1399	47,34
1400	5,32
1401	35,9
1402	57,28
1403	67,5
1404	13,49
1405	55,15
1406	67,6
1407	43,31
1408	51,52
1409	13,36
1410	66,7
1411	9,62
1412	3,38
1413	55,9
1414	41,29
1415	0,29
1416	46,19
1417	39,36
1418	62,9
1419	42,39
1420	43,3
1421	29,55
1422	65,7
1423	65,18
1424	29,66
1425	17,69
1426	32,29
1427	41,1
1428	29,50
1429	45,19
1430	37,13
1431	51,17
1432	64,45
1433	18,41
1434	47,45
1435	67,14
1436	44,47
1437	43,22
1438	36,33
1439	22,19
1440	42,7
1441	35,17
1442	1,37
1443	20,39
1444	14,29
1445	59,11
1446	31,70
1447	57,3
1448	67,24
1449	19,41
1450	12,47
1451	41,37
1452	9,35
1453	7,28
1454	35,21
1455	45,67
1456	51,11
1457	49,4
1458	67,45
1459	51,51
1460	51,4
1461	11,40
1462	12,57
1463	50,21
1464	30,37
1465	49,13
1466	15,35
1467	9,51
1468	57,18
1469	29,11
1470	51,23
1471	47,11
1472	69,27
1473	26,41
1474	46,39
1475	11,69
1476	31,43
1477	39,8
1478	63,27
1479	53,23
1480	35,32
1481	35,35
1482	23,41
1483	45,41
1484	61,6
1485	17,33
1486	5,49
1487	7,44
1488	11,19
1489	2,45
1490	21,49
1491	22,53
1492	40,27
1493	66,27
1494	43,66
1495	25,37
1496	1,55
1497	23,47
1498	67,29
1499	61,18
1500	1,41
1501	43,1
1502	17,63
1503	53,33
1504	39,35
1505	51,7
1506	5,60
1507	29,52
1508	63,31
1509	37,28
1510	5,69
1511	31,68
1512	65,38
1513	39,9
1514	50,11
1515	58,29
1516	3,46
1517	18,45
1518	33,7
1519	50,5
1520	40,39
1521	35,25
1522	39,33
1523	49,8
1524	5,55
1525	9,60
1526	70,11
1527	67,18
1528	53,5
1529	9,19
1530	68,5
1531	19,37
1532	67,10
1533	46,7
1534	45,51
1535	45,8
1536	69,7
1537	15,50
1538	23,51
1539	39,13
1540	37,67
1541	35,2
1542	16,49
1543	2,39
1544	23,37
1545	25,20
1546	21,35
1547	21,56
1548	67,36
1549	21,42
1550	3,69
1551	15,34
1552	15,52
1553	3,42
1554	66,3
1555	33,18
1556	15,59
1557	29,68
1558	23,69
1559	13,39
1560	39,23
1561	57,16
1562	63,35
1563	57,55
1564	69,36
1565	67,16
1566	9,56
1567	22,33
1568	15,44
1569	21,62
1570	59,18
1571	43,13
1572	1,59
1573	62,25
1574	41,36
1575	16,69
1576	11,62
1577	43,7
1578	56,21
1579	47,29
1580	53,24
1581	11,47
1582	63,2
1583	26,63
1584	50,39
1585	15,58
1586	25,67
1587	31,36
1588	19,45
1589	52,17
1590	55,16
1591	13,29
1592	3,63
1593	51,3
1594	13,47
1595	30,49
1596	13,44
1597	9,61
1598	37,30
1599	28,41
1600	63,13
1601	39,55
1602	7,39
1603	68,27
1604	6,37
1605	33,9
1606	34,15
1607	67,9
1608	67,7
1609	59,22
1610	20,33
1611	63,21
1612	33,31
1613	35,13
1614	58,13
1615	3,56
1616	65,9
1617	14,67
1618	44,23
1619	15,53
1620	2,59
1621	63,53
1622	36,7
1623	39,21
1624	52,45
1625	9,44
1626	33,27
1627	53,1
1628	39,12
1629	63,36
1630	49,15
1631	69,14
1632	54,41
1633	21,43
1634	35,14
1635	49,7
1636	19,34
1637	33,5
1638	45,9
1639	47,13
1640	47,31
1641	43,15
1642	27,36
1643	55,38
1644	29,3
1645	61,17
1646	69,9
1647	46,45
1648	15,45
1649	59,33
1650	37,21
1651	27,51
1652	66,33
1653	43,33
1654	12,51
1655	5,47
1656	41,26
1657	57,39
1658	7,31
1659	53,15
1660	64,35
1661	57,7
1662	19,67
1663	56,1
1664	65,33
1665	59,15
1666	54,25
1667	1,35
1668	41,7
1669	58,25
1670	59,35
1671	57,4
1672	45,34
1673	7,42
1674	56,33
1675	7,43
1676	37,53
1677	22,67
1678	4,39
1679	67,27
1680	11,37
1681	45,26
1682	48,9
1683	14,41
1684	18,47
1685	21,54
1686	18,55
1687	61,20
1688	23,67
1689	14,59
1690	41,0
1691	17,53
1692	7,35
1693	11,61
1694	34,1
1695	17,60
1696	37,1
1697	45,65
1698	34,7
1699	39,29
1700	27,34
1701	43,37
1702	52,27
1703	57,41
1704	37,19
1705	52,49
1706	53,9
1707	17,36
1708	15,46
1709	19,42
1710	56,9
1711	57,31
1712	40,17
1713	3,33
1714	5,52
1715	41,23
1716	38,1
1717	21,69
1718	9,45
1719	21,38
1720	69,1
1721	45,66
1722	5,57
1723	51,35
1724	13,37
1725	52,33
1726	21,55
1727	27,32
1728	48,21
1729	69,37
1730	4,63
1731	53,18
1732	13,67
1733	51,19
1734	6,65
1735	7,57
1736	35,36
1737	29,48
1738	49,9
1739	30,3
1740	53,31
1741	7,67
1742	22,57
1743	16,41
1744	59,0
1745	63,8
1746	0,47
1747	45,33
1748	43,43
1749	62,33
1750	24,55
1751	37,57
1752	9,65
1753	41,19
1754	63,17
1755	27,47
1756	37,4
1757	49,33
1758	53,8
1759	21,63
1760	65,21
1761	61,53
1762	15,36
1763	17,55
1764	10,67
1765	1,57
1766	45,29
1767	49,34
1768	55,21
1769	59,3
1770	35,69
1771	14,65
1772	29,19
1773	33,3
1774	4,55
1775	34,17
1776	23,60
1777	25,50
1778	11,45
1779	47,60
1780	55,31
1781	59,21
1782	8,49
1783	8,67
1784	13,34
1785	13,43
1786	54,13
1787	58,35
1788	3,54
1789	52,37
1790	41,25
1791	49,28
1792	11,31
1793	42,23
1794	26,45
1795	44,11
1796	55,2
1797	66,15
1798	21,67
1799	56,7
1800	13,32
1801	43,35
1802	47,59
1803	23,63
1804	5,54
1805	70,43
1806	11,39
1807	46,1
1808	69,45
1809	27,48
1810	51,36
1811	51,27
1812	5,53
1813	59,29
1814	18,51
1815	21,37
1816	13,31
1817	12,43
1818	1,39
1819	37,16
1820	17,48
1821	69,21
1822	50,9
1823	43,21
1824	21,61
1825	61,24
1826	61,23
1827	7,55
1828	9,50
1829	69,31
1830	52,3
1831	20,49
1832	49,21
1833	19,39
1834	55,11
1835	31,27
1836	49,31
1837	27,3
1838	51,33
1839	61,9
1840	50,17
1841	55,26
1842	64,31
1843	51,28
1844	35,18
1845	40,23
1846	51,26
1847	33,30
1848	35,33
1849	3,37
1850	12,63
1851	1,54
1852	28,63
1853	47,64
1854	7,53
1855	35,29
1856	45,16
1857	5,33
1858	65,29
1859	53,19
1860	52,9
1861	43,34
1862	69,40
1863	51,55
1864	31,29
1865	43,27
1866	69,12
1867	47,9
1868	33,21
1869	13,63
1870	49,1
1871	52,13
1872	17,43
1873	21,31
1874	21,45
1875	53,21
1876	70,7
1877	61,51
1878	61,12
1879	7,61
1880	44,39
1881	27,45
1882	49,43
1883	53,13
1884	60,33
1885	26,69
1886	14,49
1887	68,3
1888	11,43
1889	7,46
1890	61,45
1891	61,43
1892	47,49
1893	13,57
1894	63,7
1895	63,15
1896	15,61
1897	49,39
1898	54,37
1899	53,20
1900	12,39
1901	39,15
1902	53,39
1903	61,14
1904	3,41
1905	39,1
1906	45,30
1907	57,22
1908	46,41
1909	28,19
1910	39,26
1911	1,29
1912	50,13
1913	30,43
1914	43,10
1915	29,53
1916	39,68
1917	49,47
1918	27,19
1919	41,69
1920	47,33
1921	57,10
1922	65,27
1923	9,43
1924	31,35
1925	31,20
1926	40,21
1927	65,31
1928	24,61
1929	51,1
1930	63,40
1931	17,42
1932	59,25
1933	67,22
1934	43,39
1935	30,31
1936	29,59
1937	9,64
1938	21,65
1939	15,56
1940	47,46
1941	59,8
1942	2,69
1943	38,21
1944	39,30
1945	16,31
1946	69,25
1947	39,3
1948	65,35
1949	15,49
1950	31,12
1951	51,47
1952	5,41
1953	41,35
1954	45,11
1955	5,65
1956	69,41
1957	41,17
1958	9,48
1959	37,33
1960	53,27
1961	53,25
1962	36,29
1963	5,31
1964	69,19
1965	43,24
1966	9,59
1967	49,51
1968	1,45
1969	64,29
1970	41,21
1971	44,43
1972	9,55
1973	44,49
1974	1,61
1975	44,27
1976	67,31
1977	0,33
1978	47,41
1979	57,11
1980	14,47
1981	5,34
1982	65,26
1983	36,35
1984	62,1
1985	69,28
1986	26,17
1987	25,41
1988	7,45
1989	19,44
1990	43,41
1991	9,53
1992	49,2
1993	49,5
1994	55,3
1995	48,37
1996	11,64
1997	40,9
1998	59,23
1999	25,47
2000	4,45
2001	23,49
2002	14,69
2003	43,51
2004	27,56
2005	45,38
2006	32,5
2007	56,19
2008	21,47
2009	29,31
2010	18,65
2011	61,44
2012	43,29
2013	24,65
2014	65,37
2015	43,44
2016	2,33
2017	47,20
2018	23,52
2019	65,5
2020	57,2
2021	49,27
2022	33,17
2023	33,11
2024	47,68
2025	39,14
2026	25,69
2027	64,3
2028	35,20
2029	27,38
2030	33,33
2031	45,69
2032	15,43
2033	45,5
2034	46,13
2035	55,13
2036	61,7
2037	6,61
2038	17,47
2039	65,11
2040	37,15
2041	51,43
2042	34,9
2043	3,53
2044	35,7
2045	49,22
2046	47,4
2047	33,35
2048	53,17
2049	26,47
2050	16,53
2051	23,39
2052	29,13
2053	63,19
2054	17,58
2055	26,35
2056	63,16
2057	9,49
2058	15,39
2059	27,69
2060	45,27
2061	65,14
2062	68,9
2063	11,66
2064	17,35
2065	37,18
2066	23,5
2067	57,21
2068	22,49
2069	57,33
2070	69,2
2071	20,57
2072	27,41
2073	29,37
2074	67,11
2075	21,70
2076	61,13
2077	1,49
2078	29,1
2079	3,55
2080	11,63
2081	11,38
2082	53,7
2083	29,35
2084	11,58
2085	45,18
2086	44,9
2087	11,51
2088	41,31
2089	5,48
2090	56,37
2091	69,17
2092	21,60
2093	15,55
2094	32,7
2095	55,25
2096	19,26
2097	51,20
2098	57,13
2099	54,11
2100	23,36
2101	23,42
2102	49,49
2103	55,28
2104	3,48
2105	19,55
2106	21,59
2107	1,53
2108	58,7
2109	12,61
2110	21,39
2111	68,43
2112	7,58
2113	55,33
2114	29,67
2115	66,35
2116	37,3
2117	31,21
2118	3,49
2119	4,61
2120	31,69
2121	15,47
2122	59,7
2123	45,47
2124	53,22
2125	57,15
2126	57,5
2127	35,15
2128	61,3
2129	60,23
2130	15,37
2131	63,33
2132	34,31
2133	7,63
2134	25,1
2135	39,17
2136	23,53
2137	53,11
2138	11,57
2139	51,16
2140	61,27
2141	5,59
2142	59,34
2143	50,47
2144	69,15
2145	37,27
2146	19,63
2147	63,41
2148	53,29
2149	63,37
2150	3,50
2151	55,4
2152	33,25
2153	64,11
2154	9,42
2155	17,32
2156	47,17
2157	20,37
2158	37,31
2159	69,13
2160	11,49
2161	4,35
2162	11,59
2163	46,49
2164	36,23
2165	54,29
2166	16,39
2167	13,55
2168	65,0
2169	41,13
2170	44,3
2171	9,39
2172	41,39
2173	51,22
2174	48,17
2175	33,19
2176	52,15
2177	41,3
2178	21,57
2179	48,45
2180	67,41
2181	12,29
2182	16,61
2183	29,17
2184	31,33
2185	32,33
2186	44,1
2187	61,15
2188	39,6
2189	13,69
2190	35,22
2191	69,34
2192	61,29
2193	41,34
2194	60,3
2195	69,11
2196	25,43
2197	15,31
2198	35,23
2199	59,13
2200	31,32
2201	66,37
2202	43,5
2203	13,59
2204	46,27
2205	1,56
2206	23,44
2207	3,66
2208	60,27
2209	51,15
2210	19,59
2211	9,15
2212	3,58
2213	51,24
2214	19,58
2215	5,39
2216	57,1
2217	39,7
2218	35,55
2219	61,16
2220	32,27
2221	11,33
2222	59,26
2223	19,61
2224	26,67
2225	13,30
2226	5,51
2227	49,26
2228	49,14
2229	5,42
2230	65,15
2231	13,33
2232	11,55
2233	0,61
2234	59,9
2235	31,17
2236	47,19
2237	22,47
2238	45,62
2239	23,62
2240	47,3
2241	18,39
2242	67,30
2243	61,30
2244	7,54
2245	67,33
2246	53,3
2247	7,56
2248	7,37
2249	49,29
2250	19,43
2251	26,21
2252	34,25
2253	61,25
2254	63,55
2255	63,28
2256	34,21
2257	35,1
2258	65,6
2259	17,68
2260	48,1
2261	67,28
2262	47,35
2263	9,58
2264	39,53
2265	37,42
2266	51,25
2267	11,41
2268	48,25
2269	22,37
2270	35,70
2271	59,20
2272	13,41
2273	46,15
2274	53,32
2275	17,54
2276	67,13
2277	9,46
2278	35,28
2279	5,36
2280	50,41
2281	11,68
2282	21,46
2283	8,63
2284	25,66
2285	59,6
2286	50,31
2287	54,31
2288	63,29
2289	34,35
2290	1,50
2291	41,68
2292	45,23
2293	57,9
2294	19,27
2295	37,25
2296	29,5
2297	65,20
2298	5,43
2299	10,43
2300	61,11
2301	37,69
2302	4,31
2303	25,53
2304	27,25
2305	19,49
2306	21,53
2307	21,44
2308	1,43
2309	37,17
2310	54,23
2311	45,3
2312	55,20
2313	36,25
2314	60,29
2315	43,19
2316	39,11
2317	67,19
2318	7,33
2319	69,55
2320	64,13
2321	5,35
2322	1,36
2323	7,59
2324	47,24
2325	17,51
2326	35,12
2327	47,61
2328	17,31
2329	46,11
2330	29,54
2331	12,67
2332	4,29
2333	69,32
2334	41,50
2335	45,36
2336	41,20
2337	51,6
2338	57,25
2339	8,35
2340	9,17
2341	63,6
2342	17,67
2343	48,31
2344	5,67
2345	24,49
2346	47,23
2347	25,56
2348	9,37
2349	13,45
2350	59,1
2351	7,65
2352	65,39
2353	70,21
2354	67,3
2355	37,23
2356	1,67
2357	56,13
2358	29,38
2359	41,27
2360	5,40
2361	32,35
2362	47,48
2363	61,5
2364	53,47
2365	23,18
2366	29,7
2367	39,24
2368	43,46
2369	57,14
2370	31,19
2371	19,35
2372	20,47
2373	55,17
2374	51,5
2375	43,20
2376	53,30
2377	3,31
2378	27,18
2379	31,26
2380	64,17
2381	21,41
2382	60,9
2383	44,5
2384	11,60
2385	37,11
2386	69,16
2387	67,8
2388	23,61
2389	41,9
2390	25,33
2391	23,40
2392	41,5
2393	48,29
2394	3,65
2395	31,37
2396	64,25
2397	10,29
2398	7,17
2399	59,27
2400	5,61
2401	27,35
2402	33,68
2403	27,53
2404	33,51
2405	44,15
2406	48,13
2407	54,15
2408	21,33
2409	53,43
2410	51,9
2411	7,47
2412	25,39
2413	27,21
2414	9,67
2415	47,21
2416	61,35
2417	24,43
2418	34,27
2419	7,30
2420	67,12
2421	59,16
2422	9,36
2423	7,69
2424	55,19
2425	29,65
2426	27,39
2427	25,65
2428	41,6
2429	29,51
2430	35,27
2431	13,53
2432	8,39
2433	57,24
2434	55,35
2435	13,51
2436	27,62
2437	28,31
2438	43,9
2439	37,22
2440	35,31
2441	65,23
2442	59,2
2443	11,15
2444	16,65
2445	66,21
2446	19,64
2447	35,11
2448	52,39
2449	67,17
2450	18,35
2451	14,26
2452	32,48
2453	16,54
2454	16,66
2455	22,62
2456	62,14
2457	24,45
2458	18,60
2459	50,25
2460	28,35
2461	40,44
2462	39,22
2463	18,59
2464	19,54
2465	32,34
2466	66,36
2467	31,50
2468	36,68
2469	10,61
2470	18,52
2471	18,56
2472	24,38
2473	4,22
2474	30,32
2475	48,24
2476	24,36
2477	58,6
2478	11,18
2479	50,60
2480	25,70
2481	4,62
2482	3,40
2483	16,68
2484	27,30
2485	4,24
2486	52,34
2487	46,6
2488	15,10
2489	56,66
2490	41,42
2491	70,0
2492	68,22
2493	9,26
2494	67,34
2495	46,2
2496	9,8
2497	34,37
2498	18,57
2499	14,30
2500	5,24
2501	38,23
2502	52,40
2503	35,38
2504	14,58
2505	66,22
2506	68,7
2507	12,55
2508	42,59
2509	70,17
2510	26,32
2511	49,10
2512	66,60
2513	6,23
2514	34,32
2515	6,0
2516	43,18
2517	38,36
2518	70,20
2519	64,36
2520	23,46
2521	64,23
2522	7,64
2523	42,40
2524	22,22
2525	46,70
2526	0,39
2527	66,4
2528	62,6
2529	8,28
2530	61,34
2531	50,7
2532	48,23
2533	46,48
2534	34,18
2535	44,55
2536	1,30
2537	63,46
2538	56,8
2539	14,31
2540	66,40
2541	22,24
2542	20,53
2543	25,62
2544	28,43
2545	64,15
2546	20,30
2547	3,0
2548	61,0
2549	30,14
2550	50,26
2551	63,14
2552	38,46
2553	45,58
2554	65,4
2555	42,67
2556	62,5
2557	26,10
2558	6,66
2559	3,36
2560	11,34
2561	11,6
2562	40,40
2563	40,60
2564	18,32
2565	60,10
2566	40,46
2567	43,70
2568	10,70
2569	42,52
2570	40,24
2571	57,36
2572	8,50
2573	39,18
2574	24,40
2575	52,44
2576	42,24
2577	34,59
2578	3,28
2579	60,21
2580	1,14
2581	34,60
2582	29,58
2583	16,42
2584	62,23
2585	52,51
2586	28,66
2587	22,54
2588	56,3
2589	28,49
2590	13,48
2591	56,44
2592	44,66
2593	46,26
2594	59,4
2595	35,48
2596	22,66
2597	49,42
2598	28,56
2599	5,62
2600	44,26
2601	66,5
2602	34,48
2603	52,0
2604	22,29
2605	8,18
2606	48,4
2607	8,70
2608	17,38
2609	20,63
2610	70,4
2611	16,43
2612	17,30
2613	40,64
2614	8,65
2615	42,30
2616	17,44
2617	40,69
2618	18,1
2619	13,62
2620	12,68
2621	65,2
2622	26,62
2623	18,10
2624	32,18
2625	36,16
2626	50,44
2627	44,54
2628	70,44
2629	44,46
2630	18,34
2631	9,18
2632	59,64
2633	20,43
2634	46,66
2635	4,0
2636	30,47
2637	69,8
2638	24,70
2639	20,52
2640	8,30
2641	58,31
2642	41,64
2643	26,43
2644	46,57
2645	40,55
2646	68,16
2647	25,14
2648	10,66
2649	14,2
2650	24,12
2651	29,56
2652	51,54
2653	38,30
2654	12,44
2655	31,38
2656	68,4
2657	35,62
2658	40,26
2659	22,6
2660	38,19
2661	1,0
2662	3,32
2663	24,13
2664	40,28
2665	24,59
2666	42,50
2667	26,26
2668	45,42
2669	0,53
2670	2,63
2671	43,4
2672	12,70
2673	54,62
2674	28,65
2675	64,44
2676	62,17
2677	31,62
2678	51,62
2679	44,16
2680	56,62
2681	24,67
2682	0,30
2683	60,39
2684	63,24
2685	52,1
2686	60,0
2687	49,46
2688	34,68
2689	50,68
2690	66,11
2691	20,10
2692	8,53
2693	68,35
2694	4,19
2695	34,36
2696	64,52
2697	50,59
2698	2,32
2699	53,68
2700	22,11
2701	18,49
2702	54,24
2703	15,64
2704	43,28
2705	66,70
2706	34,43
2707	6,41
2708	8,55
2709	44,61
2710	16,30
2711	33,56
2712	26,9
2713	23,38
2714	31,52
2715	42,26
2716	0,37
2717	35,16
2718	68,60
2719	26,58
2720	70,38
2721	45,48
2722	54,16
2723	36,60
2724	25,40
2725	8,52
2726	26,39
2727	46,20
2728	61,8
2729	2,38
2730	8,69
2731	41,24
2732	51,8
2733	21,4
2734	33,32
2735	32,46
2736	30,17
2737	56,31
2738	10,16
2739	32,50
2740	19,30
2741	70,8
2742	46,24
2743	58,30
2744	45,22
2745	4,2
2746	42,14
2747	28,24
2748	44,22
2749	4,58
2750	40,36
2751	67,66
2752	38,39
2753	60,66
2754	20,70
2755	47,62
2756	0,34
2757	6,43
2758	48,47
2759	48,2
2760	10,23
2761	61,22
2762	34,22
2763	32,25
2764	32,55
2765	1,28
2766	48,55
2767	30,55
2768	15,66
2769	38,32
2770	2,42
2771	16,64
2772	50,24
2773	12,14
2774	36,62
2775	36,66
2776	22,69
2777	12,48
2778	43,16
2779	20,28
2780	69,42
2781	50,70
2782	22,63
2783	31,30
2784	66,64
2785	55,42
2786	62,19
2787	14,46
2788	42,20
2789	47,54
2790	21,34
2791	45,44
2792	6,68
2793	41,22
2794	18,54
2795	30,46
2796	40,48
2797	36,17
2798	38,2
2799	56,10
2800	36,26
2801	51,70
2802	44,6
2803	46,40
2804	18,53
2805	46,30
2806	18,0
2807	48,44
2808	0,31
2809	3,44
2810	70,6
2811	0,13
2812	66,48
2813	26,44
2814	40,35
2815	37,34
2816	50,40
2817	20,41
2818	18,43
2819	27,50
2820	11,26
2821	51,34
2822	46,5
2823	0,58
2824	48,26
2825	10,64
2826	14,14
2827	7,34
2828	8,22
2829	11,16
2830	47,40
2831	6,69
2832	44,56
2833	43,52
2834	46,67
2835	70,29
2836	52,52
2837	30,65
2838	18,67
2839	16,10
2840	28,18
2841	8,59
2842	5,2
2843	45,10
2844	60,30
2845	18,27
2846	65,46
2847	68,67
2848	48,0
2849	12,34
2850	3,18
2851	18,19
2852	23,50
2853	0,28
2854	4,37
2855	21,52
2856	70,41
2857	26,22
2858	25,68
2859	4,41
2860	40,45
2861	46,38
2862	64,46
2863	4,68
2864	36,24
2865	60,32
2866	26,30
2867	26,59
2868	58,34
2869	62,66
2870	45,4
2871	13,70
2872	12,35
2873	64,62
2874	48,39
2875	9,16
2876	56,5
2877	66,16
2878	64,22
2879	8,41
2880	14,37
2881	42,64
2882	70,35
2883	68,37
2884	52,54
2885	2,21
2886	47,50
2887	39,28
2888	32,38
2889	46,22
2890	4,44
2891	68,12
2892	48,50
2893	19,28
2894	57,20
2895	66,44
2896	15,2
2897	26,34
2898	62,52
2899	66,46
2900	16,59
2901	20,36
2902	38,20
2903	21,68
2904	18,50
2905	24,58
2906	43,30
2907	34,19
2908	58,10
2909	3,20
2910	2,52
2911	13,16
2912	50,30
2913	15,60
2914	42,70
2915	26,55
2916	40,30
2917	37,62
2918	14,70
2919	18,2
2920	44,21
2921	34,47
2922	18,36
2923	44,8
2924	68,44
2925	48,54
2926	2,26
2927	10,57
2928	25,44
2929	69,44
2930	16,28
2931	49,6
2932	22,50
2933	36,70
2934	19,66
2935	64,32
2936	42,28
2937	13,46
2938	41,38
2939	32,52
2940	0,22
2941	68,70
2942	12,31
2943	26,0
2944	32,42
2945	36,45
2946	25,58
2947	44,24
2948	14,64
2949	2,44
2950	1,22
2951	47,14
2952	36,58
2953	42,5
2954	14,28
2955	42,45
2956	36,37
2957	44,14
2958	22,5
2959	45,52
2960	16,26
2961	32,49
2962	67,46
2963	62,4
2964	17,34
2965	29,70
2966	14,42
2967	12,60
2968	14,54
2969	25,34
2970	68,24
2971	64,7
2972	63,68
2973	2,29
2974	25,12
2975	51,44
2976	0,14
2977	64,14
2978	40,34
2979	50,65
2980	62,32
2981	34,30
2982	58,64
2983	17,50
2984	46,58
2985	19,38
2986	32,58
2987	45,0
2988	30,62
2989	34,58
2990	0,70
2991	40,49
2992	62,36
2993	26,38
2994	46,35
2995	50,46
2996	38,24
2997	18,64
2998	14,36
2999	16,67
3000	30,56
3001	46,47
3002	9,66
3003	64,4
3004	6,48
3005	30,70
3006	36,32
3007	14,68
3008	10,47
3009	22,30
3010	66,24
3011	0,35
3012	10,46
3013	52,50
3014	39,58
3015	48,28
3016	10,40
3017	8,42
3018	12,19
3019	22,65
3020	38,70
3021	44,18
3022	67,44
3023	0,50
3024	59,10
3025	22,70
3026	24,56
3027	13,58
3028	14,40
3029	10,42
3030	39,40
3031	14,53
3032	39,70
3033	58,4
3034	48,56
3035	24,23
3036	46,18
3037	66,32
3038	8,66
3039	15,6
3040	1,26
3041	36,55
3042	62,26
3043	22,34
3044	35,10
3045	2,60
3046	64,26
3047	35,42
3048	45,40
3049	63,60
3050	16,13
3051	25,24
3052	20,60
3053	52,18
3054	0,51
3055	25,6
3056	4,5
3057	50,23
3058	59,28
3059	40,16
3060	2,15
3061	48,58
3062	60,48
3063	64,60
3064	42,19
3065	48,20
3066	12,0
3067	17,28
3068	45,64
3069	38,7
3070	42,33
3071	70,52
3072	16,33
3073	53,38
3074	40,14
3075	60,34
3076	47,22
3077	44,60
3078	59,42
3079	23,26
3080	40,6
3081	28,2
3082	4,65
3083	16,47
3084	67,20
3085	2,37
3086	18,24
3087	33,70
3088	2,28
3089	2,51
3090	65,56
3091	36,41
3092	62,34
3093	70,24
3094	10,5
3095	38,47
3096	56,14
3097	28,54
3098	52,14
3099	8,57
3100	38,28
3101	2,58
3102	60,4
3103	58,66
3104	30,6
3105	70,36
3106	38,38
3107	42,68
3108	31,2
3109	25,16
3110	42,25
3111	20,3
3112	58,38
3113	66,29
3114	64,54
3115	62,69
3116	24,63
3117	63,0
3118	65,10
3119	39,42
3120	35,40
3121	24,64
3122	0,48
3123	36,20
3124	14,4
3125	6,34
3126	21,20
3127	37,10
3128	53,44
3129	36,12
3130	54,38
3131	38,16
3132	54,68
3133	34,26
3134	68,33
3135	11,48
3136	40,50
3137	58,2
3138	63,44
3139	20,0
3140	54,19
3141	2,68
3142	8,20
3143	45,50
3144	18,7
3145	1,32
3146	6,49
3147	44,70
3148	14,0
3149	32,70
3150	60,1
3151	6,38
3152	10,68
3153	68,26
3154	52,19
3155	39,20
3156	37,56
3157	50,50
3158	64,49
3159	2,7
3160	62,44
3161	34,5
3162	27,42
3163	64,27
3164	34,0
3165	32,56
3166	60,68
3167	61,58
3168	44,68
3169	30,29
3170	69,70
3171	20,68
3172	60,43
3173	30,21
3174	59,12
3175	40,11
3176	9,38
3177	2,49
3178	52,36
3179	54,7
3180	54,32
3181	27,22
3182	60,38
3183	46,9
3184	51,42
3185	16,62
3186	8,25
3187	30,13
3188	34,12
3189	1,6
3190	6,32
3191	14,22
3192	20,32
3193	2,36
3194	12,37
3195	61,50
3196	53,26
3197	14,61
3198	20,8
3199	48,49
3200	22,32
3201	50,38
3202	68,68
3203	36,56
3204	40,62
3205	9,32
3206	34,63
3207	47,26
3208	54,44
3209	34,62
3210	46,28
3211	40,51
3212	59,54
3213	49,68
3214	12,58
3215	46,37
3216	23,20
3217	14,32
3218	17,4
3219	53,0
3220	38,11
3221	6,54
3222	67,58
3223	32,23
3224	17,40
3225	52,47
3226	33,60
3227	29,0
3228	28,39
3229	10,52
3230	62,50
3231	13,4
3232	4,56
3233	10,55
3234	37,14
3235	0,18
3236	49,58
3237	52,46
3238	55,18
3239	28,42
3240	43,36
3241	34,54
3242	1,12
3243	48,62
3244	29,20
3245	14,50
3246	30,15
3247	15,40
3248	6,42
3249	68,50
3250	42,62
3251	70,26
3252	28,14
3253	6,59
3254	1,38
3255	43,26
3256	37,24
3257	20,15
3258	24,0
3259	2,54
3260	29,8
3261	49,48
3262	45,6
3263	46,29
3264	26,23
3265	32,2
3266	50,37
3267	8,17
3268	3,62
3269	21,32
3270	21,48
3271	68,56
3272	55,30
3273	42,11
3274	16,22
3275	70,69
3276	44,0
3277	6,9
3278	66,18
3279	41,8
3280	34,14
3281	28,50
3282	29,6
3283	8,14
3284	60,51
3285	22,68
3286	36,18
3287	26,4
3288	26,64
3289	20,54
3290	56,69
3291	37,26
3292	10,14
3293	26,24
3294	23,22
3295	3,2
3296	63,26
3297	61,2
3298	69,64
3299	70,34
3300	32,54
3301	64,38
3302	68,8
3303	44,50
3304	61,38
3305	32,32
3306	38,27
3307	9,6
3308	52,10
3309	56,43
3310	54,6
3311	24,27
3312	70,61
3313	18,25
3314	51,38
3315	58,28
3316	10,26
3317	65,12
3318	58,58
3319	42,36
3320	70,51
3321	40,54
3322	6,55
3323	28,32
3324	28,70
3325	28,30
3326	70,54
3327	63,66
3328	33,36
3329	30,26
3330	30,9
3331	16,40
3332	56,42
3333	6,31
3334	12,50
3335	34,6
3336	2,25
3337	28,55
3338	70,18
3339	28,69
3340	30,22
3341	28,53
3342	36,22
3343	58,19
3344	70,45
3345	55,58
3346	66,8
3347	69,20
3348	56,4
3349	32,31
3350	62,56
3351	50,48
3352	59,70
3353	28,34
3354	30,41
3355	0,32
3356	58,32
3357	68,54
3358	48,22
3359	29,18
3360	0,8
3361	49,16
3362	15,54
3363	22,44
3364	42,38
3365	24,26
3366	57,12
3367	18,62
3368	52,64
3369	32,41
3370	51,32
3371	62,38
3372	48,66
3373	15,30
3374	34,13
3375	53,10
3376	1,58
3377	2,6
3378	58,63
3379	9,40
3380	59,14
3381	6,58
3382	47,30
3383	38,4
3384	58,17
3385	0,40
3386	36,42
3387	12,20
3388	42,27
3389	24,14
3390	40,33
3391	26,40
3392	20,66
3393	22,8
3394	68,38
3395	26,31
3396	5,46
3397	54,70
3398	0,60
3399	26,2
3400	4,64
3401	36,14
3402	33,26
3403	3,64
3404	6,50
3405	20,59
3406	44,10
3407	55,32
3408	65,34
3409	70,23
3410	66,13
3411	39,0
3412	34,10
3413	7,32
3414	12,56
3415	32,20
3416	50,4
3417	68,42
3418	12,22
3419	4,1
3420	47,28
3421	42,63
3422	38,68
3423	37,6
3424	28,15
3425	2,4
3426	24,7
3427	4,18
3428	14,15
3429	58,54
3430	26,66
3431	50,36
3432	60,61
3433	54,9
3434	60,47
3435	50,56
3436	28,36
3437	1,60
3438	47,2
3439	64,6
3440	46,25
3441	64,50
3442	8,21
3443	64,28
3444	66,28
3445	63,50
3446	40,0
3447	28,11
3448	8,45
3449	2,47
3450	54,39
