Date	Day	Daily_Avg	Daily_Max	Daily_Min
05/03/2023	3	187.17	189.05	185.94
05/04/2023	4	187.11	188.94	186.05
05/05/2023	5	186.89	188.34	184.15
05/06/2023	6	185.26	188.54	183.53
05/07/2023	7	185.88	186.64	184.94
05/08/2023	1	186.04	188.34	183.84
5/13/2023	6	186.24	187.35	185.74
5/14/2023	7	187.01	188.04	186.14
5/15/2023	1	184.24	185.03	183.44
5/16/2023	2	183.21	185.14	181.04
5/17/2023	3	182.45	183.84	180.84
5/18/2023	4	182.21	184.55	180.13
5/19/2023	5	181.83	185.03	179.43
5/20/2023	6	179.98	182.14	178.23
5/21/2023	7	179.65	180.73	177.84
5/22/2023	1	179.76	183.33	177.84
5/23/2023	2	178.6	179.85	177.04
5/24/2023	3	178.09	180.13	176.73
5/25/2023	4	176.92	179.54	176.03
5/26/2023	5	177.96	179.74	176.14
5/28/2023	7	177.69	179.03	176.23
5/29/2023	1	176.53	178.43	175.03
5/30/2023	2	176.46	178.23	174.13
5/31/2023	3	176	177.13	175.03
06/01/2023	4	174.24	175.83	172.43
06/02/2023	5	174.59	178.32	172.52
06/03/2023	6	173.37	175.32	171.72
06/04/2023	7	172.86	175.03	170.82
06/05/2023	1	173.58	174.83	172.43
06/06/2023	2	171.72	173.42	169.82
06/07/2023	3	173	178.43	170.02
06/08/2023	4	171.87	179.03	170.02
06/09/2023	5	171.54	173.33	168.92
06/10/2023	6	172.66	174.72	170.42
06/11/2023	7	171.05	172.94	168.72
06/12/2023	1	171.25	174.72	167.81
6/14/2023	3	173.82	175.52	172.72
6/15/2023	4	174.15	176.23	173.02
6/16/2023	5	172.12	173.13	170.33
6/19/2023	1	170.28	172.03	169.32
6/20/2023	2	169.52	171.13	168.12
6/21/2023	3	168.11	169.71	166.42
6/22/2023	4	168.55	170.42	165.92
6/23/2023	5	168.27	169.43	166.62
6/24/2023	6	168.27	171.21	166.03
6/25/2023	7	167.46	170.73	164.92
6/26/2023	1	167.98	169.03	166.03
6/27/2023	2	167.48	169.03	165.92
6/28/2023	3	167.22	168.92	165.81
6/29/2023	4	167.85	169.43	166.23
6/30/2023	5	168.44	170.02	165.92
07/01/2023	6	166.78	169.32	163.51
07/02/2023	7	166.63	170.62	164.11
07/03/2023	1	168.83	170.73	166.42
07/04/2023	2	168.66	172.43	165.92
07/05/2023	3	170.64	171.72	169.12
07/06/2023	4	170.5	171.52	168.52
07/07/2023	5	170.4	171.72	168.52
07/08/2023	6	167.59	169.71	165.01
07/09/2023	7	167.43	170.02	164.72
07/10/2023	1	169.98	172.03	167.02
07/11/2023	2	171.07	172.03	169.12
07/12/2023	3	170.53	171.21	169.12
7/13/2023	4	170.21	171.32	168.41
7/14/2023	5	169.09	170.42	167.22
7/15/2023	6	166.36	171.52	163.11
7/16/2023	7	166.79	170.33	164.11
7/17/2023	1	167.35	168.63	165.81
7/18/2023	2	168.02	172.03	165.21
7/19/2023	3	168.1	169.12	166.42
7/20/2023	4	168.14	169.51	166.23
7/21/2023	5	167.83	169.71	166.11
7/22/2023	6	165.19	168.92	161.41
7/23/2023	7	164.27	167.53	161.21
7/24/2023	1	166.31	167.73	164.22
7/25/2023	2	167.43	169.51	164.81
7/26/2023	3	167.94	169.71	164.92
7/27/2023	4	168.1	169.43	166.62
7/28/2023	5	167.06	169.62	163.11
7/29/2023	6	164.22	167.22	160.42
7/30/2023	7	165.67	168.63	161.92
7/31/2023	1	168.22	169.43	166.31
08/01/2023	2	167.95	169.51	163.31
08/02/2023	3	167.13	169.03	164.61
08/03/2023	4	168.35	170.13	166.82
08/04/2023	5	169.26	169.62	168.72
08/05/2023	6	163.99	169.82	159.32
08/06/2023	7	161.93	165.01	157.81
08/07/2023	1	163.11	164.11	162.12
08/08/2023	2	162.45	162.72	162.32
08/09/2023	3	164.48	167.02	160
08/10/2023	4	164.01	166.42	162.6
08/11/2023	5	164.12	164.22	164.02
08/12/2023	6	163.35	164.22	160.91
8/13/2023	7	161.23	163.91	157.62
8/14/2023	1	163.07	165.72	159.91
8/15/2023	2	164.75	166.23	162.72
8/16/2023	3	163.64	165.81	160.42
8/17/2023	4	164.56	165.92	162.91
8/18/2023	5	164.5	166.03	160.42
8/19/2023	6	161.24	165.12	154.5
8/20/2023	7	158.82	162.72	154.5
8/21/2023	1	159.74	162.52	156.51
8/22/2023	2	159.63	161.61	156.4
8/23/2023	3	159.94	161.81	158.21
8/24/2023	4	160.68	161.92	158.5
8/25/2023	5	158.99	161.41	152.49
8/26/2023	6	156.6	160.51	152.49
8/27/2023	7	154.86	159.32	151.3
8/28/2023	1	156.1	157.81	154.11
8/29/2023	2	156.5	158.41	153.4
8/30/2023	3	156.7	158.5	153.51
8/31/2023	4	156.7	158.3	153.4
09/01/2023	5	157.36	159.01	155.5
09/02/2023	6	155.17	157.81	152.01
09/03/2023	7	153.34	159.4	149.29
09/04/2023	1	153	156.2	150
09/05/2023	2	154.38	156.31	150.79
09/06/2023	3	155.28	157.2	151.39
09/07/2023	4	155.83	157.81	152.1
09/08/2023	5	156.81	158.41	155.7
09/09/2023	6	154.68	156.91	152.01
09/10/2023	7	154.72	157.9	151.9
09/11/2023	1	154.92	155.41	153.51
09/12/2023	2	153.24	155.61	149.6
9/13/2023	3	151.12	153.51	148.98
9/14/2023	4	150.89	153.31	148.19
9/15/2023	5	151.35	152.6	149.69
9/16/2023	6	149.6	151.7	147
9/17/2023	7	149.32	151.39	147.09
9/18/2023	1	150.13	151.39	148.5
9/19/2023	2	149.79	151.1	146.89
9/20/2023	3	149.07	150.6	146.09
9/21/2023	4	148.89	149.8	147
9/22/2023	5	148.21	149.6	145.5
9/23/2023	6	147.65	148.59	145.19
9/24/2023	7	145.66	147.68	143.89
9/25/2023	1	146.43	147.9	143.8
9/26/2023	2	145.94	146.89	144.19
9/27/2023	3	146.25	148.1	144.48
9/28/2023	4	146.42	147.09	144.99
9/29/2023	5	145.21	146.49	143.29
9/30/2023	6	146.29	146.49	146.09
10/02/2023	1	144.6	145.78	142.89
10/03/2023	2	146.44	147	146.18
10/07/2023	6	148.12	149.4	147.28
10/08/2023	7	149.66	149.69	149.6
10/09/2023	1	149.55	152.1	148.5
10/10/2023	2	149.15	150.6	147.59
10/11/2023	3	151	151.5	150.6
10/12/2023	4	147.94	150.71	145.1
10/13/2023	5	148.7	153.4	147.2
10/14/2023	6	145.37	150	142.69
10/15/2023	7	146.71	148.98	144.79
10/16/2023	1	148.63	149.29	148.3
10/17/2023	2	145.56	146.29	144.79
10/18/2023	3	147.68	151.79	145.39
10/25/2023	3	149.76	150.91	148.9
10/26/2023	4	147.67	148.5	147
10/27/2023	5	145.76	147.2	143.8
10/28/2023	6	143.93	147.48	141.79
10/29/2023	7	142.35	145.5	140.88
10/30/2023	1	144.24	145.7	143.18
10/31/2023	2	144.66	146.29	141.99
11/01/2023	3	144.66	146.69	142.3
11/02/2023	4	144.51	145.7	142.78
11/03/2023	5	144.19	145.39	142.3
11/04/2023	6	144.28	145.7	142.19
11/05/2023	7	143.41	145.39	141.39
11/06/2023	1	145.97	147.79	143.38
11/07/2023	2	146.6	146.6	146.6
11/08/2023	3	145.42	147	144
11/09/2023	4	146.13	147.2	144
11/10/2023	5	145.21	146.8	142.98
11/11/2023	6	145.48	146.99	143.8
11/12/2023	7	146.21	148.79	144.29
11/13/2023	1	145.71	146.89	144.08
11/14/2023	2	145.78	146.89	143.89
11/15/2023	3	145.41	146.49	143.38
11/16/2023	4	144.62	145.58	142.58
11/17/2023	5	144.55	146.4	142.78
11/18/2023	6	145.6	148.79	142.38
11/19/2023	7	144.85	146.89	142.78
11/20/2023	1	145.17	146.09	143.18
11/21/2023	2	144.85	146.89	142.89
11/22/2023	3	145.93	147.09	144.19
11/23/2023	4	145.68	148.59	143.38
11/24/2023	5	145.35	146.89	143.6
11/25/2023	6	145.01	146.09	143.09
11/26/2023	7	144.51	145.58	142.98
11/27/2023	1	145.29	146.69	143.38
11/28/2023	2	146.15	147.68	144.08
11/29/2023	3	146.1	148.1	144.39
11/30/2023	4	147.03	147.99	144.88
12/01/2023	5	146.34	147	144.79
12/02/2023	6	144.33	145.39	142.78
12/03/2023	7	143.76	146.09	142.38
12/04/2023	1	143.13	144.59	142.19
12/08/2023	5	146.74	147	146.49
12/09/2023	6	145.34	147	143.69
12/10/2023	7	145.69	147.09	143.69
12/11/2023	1	146.48	148.19	144.79
12/12/2023	2	147.22	148.39	145.3
12/13/2023	3	147.35	148.3	144.99
12/14/2023	4	147.56	148.7	145.39
12/15/2023	5	147.03	149.89	145.3
12/16/2023	6	146.97	150.51	143.89
12/17/2023	7	145.53	147.09	144.19
12/18/2023	1	146.54	149.69	143.69
12/19/2023	2	147.01	148.5	144.99
12/20/2023	3	147.46	148.39	145.39
12/21/2023	4	147.47	148.19	144.99
12/22/2023	5	147.18	148.59	145.3
12/23/2023	6	146.7	149.29	144.28
12/24/2023	7	146.74	149.29	144.28
12/25/2023	1	147.14	147.99	145.39
12/26/2023	2	146.75	147.68	144.48
12/27/2023	3	146.81	147.68	144.39
12/28/2023	4	146.65	147.9	143.89
12/29/2023	5	146.2	147.28	144.59
12/30/2023	6	146.15	149.29	143.89
12/31/2023	7	145.28	147.2	142.89
01/01/2024	1	146.11	149.21	143.09
01/02/2024	2	146.71	147.9	144.88
01/05/2024	5	147.72	148.19	147.48
01/06/2024	6	147.67	148.7	146.6
01/07/2024	7	147.27	149.89	145.19
01/08/2024	1	147.51	148.7	145.3
01/09/2024	2	147.48	148.5	145.19
01/10/2024	3	146.58	147.79	144.88
01/11/2024	4	146.63	147.99	144.59
01/12/2024	5	145.94	146.6	144.48
1/13/2024	6	146.53	147.9	144.19
1/14/2024	7	147.25	151.1	144.79
1/15/2024	1	147.33	148.5	145.5
1/16/2024	2	147.51	148.9	145.3
1/17/2024	3	147.25	150.91	145.58
1/18/2024	4	146.48	147.68	144.68
1/19/2024	5	146.53	147.2	144.68
1/20/2024	6	146.22	148.1	144.48
1/21/2024	7	146.15	147.2	144.39
1/22/2024	1	146.09	147.2	144.28
1/23/2024	2	147.18	148.1	146.29
1/24/2024	3	147.35	147.99	145.78
1/25/2024	4	146.87	148.3	145.3
1/26/2024	5	146.13	147	144.08
1/27/2024	6	145.89	147.09	144.39
1/28/2024	7	146.12	149.6	144.19
1/29/2024	1	147.2	147.99	144.88
1/30/2024	2	146.87	148.1	144.79
1/31/2024	3	146.83	147.59	145.19
02/01/2024	4	147.03	148.1	144.88
02/02/2024	5	147.2	148.19	145.5
02/03/2024	6	146.99	149.21	144.68
02/04/2024	7	145.9	150.6	143.18
02/05/2024	1	147.17	148.59	145.5
02/06/2024	2	146.57	147.2	145.19
02/07/2024	3	146.7	148.19	144.68
02/08/2024	4	146.75	149.6	144.99
02/09/2024	5	146.48	147.68	144.28
02/10/2024	6	146.1	147.99	144.68
02/11/2024	7	146.71	149.21	143.6
02/12/2024	1	147.22	148.5	145.3
2/13/2024	2	147.39	147.99	145.58
2/14/2024	3	147.54	148.7	145.3
2/15/2024	4	147.49	148.19	145.3
2/16/2024	5	147.74	148.7	146.4
2/17/2024	6	149.05	152.21	145.98
2/18/2024	7	148.12	150.4	146.4
2/19/2024	1	148.19	148.98	146.6
2/20/2024	2	148.09	148.59	145.98
2/21/2024	3	147.26	148.79	145.78
2/22/2024	4	147.83	148.79	145.39
2/23/2024	5	147.83	148.5	145.89
2/24/2024	6	147.27	149.6	143.29
2/25/2024	7	146.75	148.59	144.28
2/26/2024	1	148.28	148.98	146.29
2/27/2024	2	148.18	149.29	146.29
2/28/2024	3	148.27	148.7	146.69
2/29/2024	4	148.76	150.2	147.48
03/01/2024	5	148.6	149.6	147
03/02/2024	6	147.64	148.59	146.69
03/03/2024	7	146.49	148.19	143.89
03/04/2024	1	147.25	149.09	144.79
03/05/2024	2	148.68	149.6	147.2
03/06/2024	3	148.89	149.8	147.2
03/07/2024	4	148.64	149.6	146.89
03/08/2024	5	148.34	149.49	146.8
03/09/2024	6	148.2	149.6	146.6
03/10/2024	7	148.13	150.29	146.09
03/11/2024	1	148.5	149.6	147
03/12/2024	2	148.38	149.6	146.89
3/13/2024	3	148.88	149.6	147
3/14/2024	4	148.99	150.79	146.89
3/15/2024	5	149.88	150.6	148.19
3/16/2024	6	148.73	153.4	145.39
3/17/2024	7	149.07	152.41	146.6
3/18/2024	1	148.98	150.09	147.48
3/19/2024	2	149.13	150.09	147.48
3/20/2024	3	148.93	149.8	146.8
3/21/2024	4	148.55	149.49	146.8
3/22/2024	5	148.6	149.09	147.4
3/23/2024	6	148.34	149.49	146.49
3/24/2024	7	147.48	150	144.68
3/25/2024	1	148.53	149.89	145.7
3/26/2024	2	149.51	150.29	147.79
3/27/2024	3	149.06	150.09	147
3/28/2024	4	148.49	149.21	147
3/29/2024	5	148.09	149.09	146.69
3/31/2024	7	151.06	151.79	150.2
04/01/2024	1	149.98	150.79	148.7
04/02/2024	2	149.67	150.71	148.3
04/03/2024	3	149.79	151.1	147.99
04/04/2024	4	149.61	150.4	147.9
04/05/2024	5	149.61	150.91	147.79
04/06/2024	6	150.82	154.3	147.99
04/07/2024	7	150.16	152.41	147.9
04/08/2024	1	150.61	151.7	148.98
04/09/2024	2	149.91	154.19	147.09
04/10/2024	3	148.71	150	147.2
04/11/2024	4	149.92	151.3	148.3
04/12/2024	5	150.35	151.3	149.09
4/13/2024	6	150.3	151.9	148.79
4/14/2024	7	148.78	151.39	146.09
4/15/2024	1	150.48	150.91	148.79
4/16/2024	2	150.11	151.9	147.9
4/17/2024	3	150.02	151.19	148.3
4/18/2024	4	150.04	150.79	148.3
4/19/2024	5	149.63	150.4	147.79
4/20/2024	6	147.95	150	145.3
4/21/2024	7	147.57	149.8	144.99
4/22/2024	1	148.23	149.89	146.89
4/23/2024	2	149.16	150.09	147.2
4/24/2024	3	148.77	149.69	146.89
4/25/2024	4	149.58	151.3	147.68
4/26/2024	5	148.72	149.8	147.48
4/27/2024	6	148.53	153	146.6
4/28/2024	7	147.65	151.9	145.19
4/29/2024	1	147.81	148.98	145.3
4/30/2024	2	148.33	149.8	146.4
05/01/2024	3	148.63	149.6	147.4
05/02/2024	4	149.3	149.89	147.68
05/03/2024	5	147.74	148.98	146.49
05/04/2024	6	147.28	149.69	144.99
05/05/2024	7	148.22	150	145.78
05/06/2024	1	148.9	149.6	147.48
05/07/2024	2	147.45	148.98	145.3
05/08/2024	3	147.73	149.21	145.78
05/09/2024	4	148.16	149.69	146.69
05/10/2024	5	148	148.7	147
05/11/2024	6	149.05	149.89	147.99
05/12/2024	7	149.28	149.89	148.3
5/13/2024	1	148.84	148.98	148.7
5/14/2024	2	148.43	149.21	147.99
5/15/2024	3	148.51	149.09	147.2
5/16/2024	4	148.74	150.09	147
5/17/2024	5	148.96	150.09	147.59
5/18/2024	6	148.92	149.49	147.79
5/19/2024	7	146.42	148.59	143.6
5/20/2024	1	148.13	148.9	146.8
5/21/2024	2	148.57	149.8	147.59
5/22/2024	3	148.34	150	147.2
06/02/2024	7	149.21	149.21	149.21
06/03/2024	1	149.05	149.8	148.3
06/04/2024	2	147.01	148.19	145.89
06/05/2024	3	146.92	147.99	145.39
06/06/2024	4	147.4	148.7	145.7
06/07/2024	5	145.98	145.98	145.98
06/08/2024	6	149.43	150.2	148.59
06/09/2024	7	146.84	148.19	145.39
06/10/2024	1	148.35	149.09	146.69
06/11/2024	2	148.23	148.98	147.48
06/12/2024	3	148.13	148.98	146.49
6/13/2024	4	149.15	150.29	147.48
6/14/2024	5	149.14	150	147.68
6/15/2024	6	148.19	149.49	146.69
6/16/2024	7	146.53	147.09	145.98
6/17/2024	1	147.2	147.2	147.2
6/18/2024	2	148.29	149.89	146.49
6/19/2024	3	148.87	149.49	147.99
6/20/2024	4	148.36	148.98	147.2
6/21/2024	5	148.56	149.49	147.2
6/22/2024	6	147.24	148.79	144.28
6/23/2024	7	145.38	148.1	142.38
6/24/2024	1	146.1	146.8	144.28
6/25/2024	2	147.08	147.99	145.3
6/26/2024	3	146.98	147.68	145.7
6/27/2024	4	146.88	147.59	145.7
6/28/2024	5	145.95	146.89	144.79
6/29/2024	6	146.54	148.1	145.19
6/30/2024	7	145.7	149.8	141.59
07/01/2024	1	145.42	146.29	144.59
